0B 24 D8
0B 25 00
05 02 01
05 05 03
09 57 1F
0B 4E 1A
00 0B 74
00 17 10
00 18 FF
00 21 0F
00 22 00
00 2B 02
00 2C 20
00 2D 00
00 2E 00
00 2F 00
00 30 00
00 31 00
00 32 00
00 33 00
00 34 00
00 35 00
00 36 00
00 37 00
00 38 00
00 39 00
00 3A 00
00 3B 00
00 3C 00
00 3D 00
00 41 00
00 42 00
00 43 00
00 44 00
00 9E 00
01 02 01
01 08 01
01 09 09
01 0A 3B
01 0B 00
01 0D 06
01 0E 09
01 0F 3B
01 10 00
01 12 01
01 13 09
01 14 3B
01 15 00
01 17 01
01 18 09
01 19 3B
01 1A 00
01 1C 01
01 1D 09
01 1E 3B
01 1F 00
01 21 01
01 22 09
01 23 3B
01 24 00
01 26 01
01 27 09
01 28 3B
01 29 00
01 2B 01
01 2C 09
01 2D 3B
01 2E 00
01 30 01
01 31 09
01 32 3B
01 33 00
01 3A 01
01 3B 09
01 3C 3B
01 3D 00
01 3F 00
01 40 00
01 41 40
02 02 00
02 03 00
02 04 00
02 05 00
02 06 00
02 08 00
02 09 00
02 0A 00
02 0B 00
02 0C 00
02 0D 00
02 0E 00
02 0F 00
02 10 00
02 11 00
02 12 00
02 13 00
02 14 00
02 15 00
02 16 00
02 17 00
02 18 00
02 19 00
02 1A 00
02 1B 00
02 1C 00
02 1D 00
02 1E 00
02 1F 00
02 20 00
02 21 00
02 22 00
02 23 00
02 24 00
02 25 00
02 26 00
02 27 00
02 28 00
02 29 00
02 2A 00
02 2B 00
02 2C 00
02 2D 00
02 2E 00
02 2F 00
02 35 00
02 36 00
02 37 00
02 38 80
02 39 D4
02 3A 00
02 3B 00
02 3C 00
02 3D 00
02 3E C0
02 4A 00
02 4B 00
02 4C 00
02 4D 00
02 4E 00
02 4F 00
02 50 00
02 51 00
02 52 00
02 53 00
02 54 00
02 55 00
02 56 00
02 57 00
02 58 00
02 59 00
02 5A 00
02 5B 00
02 5C 00
02 5D 00
02 5E 00
02 5F 00
02 60 00
02 61 00
02 62 00
02 63 00
02 64 00
02 68 00
02 69 00
02 6A 00
02 6B 35
02 6C 33
02 6D 34
02 6E 31
02 6F 45
02 70 56
02 71 42
02 72 32
03 02 00
03 03 00
03 04 00
03 05 80
03 06 2A
03 07 00
03 08 00
03 09 00
03 0A 00
03 0B 80
03 0C 00
03 0D 00
03 0E 00
03 0F 00
03 10 00
03 11 00
03 12 00
03 13 00
03 14 00
03 15 00
03 16 00
03 17 00
03 18 00
03 19 00
03 1A 00
03 1B 00
03 1C 00
03 1D 00
03 1E 00
03 1F 00
03 20 00
03 21 00
03 22 00
03 23 00
03 24 00
03 25 00
03 26 00
03 27 00
03 28 00
03 29 00
03 2A 00
03 2B 00
03 2C 00
03 2D 00
03 2E 00
03 2F 00
03 30 00
03 31 00
03 32 00
03 33 00
03 34 00
03 35 00
03 36 00
03 37 00
03 38 00
03 39 1F
03 3B 00
03 3C 00
03 3D 00
03 3E 00
03 3F 00
03 40 00
03 41 00
03 42 00
03 43 00
03 44 00
03 45 00
03 46 00
03 47 00
03 48 00
03 49 00
03 4A 00
03 4B 00
03 4C 00
03 4D 00
03 4E 00
03 4F 00
03 50 00
03 51 00
03 52 00
03 53 00
03 54 00
03 55 00
03 56 00
03 57 00
03 58 00
03 59 00
03 5A 00
03 5B 00
03 5C 00
03 5D 00
03 5E 00
03 5F 00
03 60 00
03 61 00
03 62 00
08 02 00
08 03 00
08 04 00
09 0E 02
09 1C 04
09 43 01
09 49 00
09 4A 00
0A 02 00
0A 03 01
0A 04 01
0A 05 01
0B 44 0F
0B 4A 1E
00 1C 01
0B 24 DB
0B 25 02
